2  -270.000000  27.000000  -300.000000  30.000000  0.333333  0.333333  0.333333  1.000000
2  -264.604155  26.881495  -293.878888  30.065843  0.333333  0.333333  0.333333  1.000000
2  -259.261738  26.956140  -287.796790  30.153816  0.333333  0.333333  0.333333  1.000000
2  -253.855740  26.934204  -281.834717  30.349303  0.333333  0.333333  0.333333  1.000000
2  -248.413118  27.107303  -275.835883  30.596558  0.333333  0.333333  0.333333  1.000000
2  -243.022197  26.934997  -269.823951  30.800032  0.333333  0.333333  0.333333  1.000000
2  -237.612676  27.040213  -263.571363  30.931373  0.333333  0.333333  0.333333  0.999493
2  -232.256903  26.999753  -257.418861  31.126831  0.333333  0.333333  0.333333  0.993253
2  -226.857306  26.967718  -251.235590  31.419203  0.333333  0.333333  0.333333  0.997007
2  -221.462268  27.265610  -244.945948  31.519755  0.018746  0.981247  0.000007  0.999414
2  -215.925928  27.320630  -238.428681  31.632848  0.044863  0.955136  0.000001  0.999944
2  -210.404754  27.527169  -232.036731  31.831896  0.005546  0.994454  0.000000  0.999921
2  -204.982365  27.704610  -225.735357  31.971163  0.001184  0.998816  0.000000  0.999999
2  -199.416056  27.970379  -219.304610  31.995942  0.000043  0.999957  0.000000  0.999343
2  -193.983534  28.050883  -212.827692  32.392070  0.000064  0.999936  0.000000  0.996881
2  -188.309534  28.225868  -206.386412  32.492534  0.000014  0.999986  0.000000  0.999990
2  -182.896362  28.366008  -199.752524  32.775898  0.000006  0.999994  0.000000  0.997778
2  -177.069640  28.780067  -193.121704  32.823469  0.000000  1.000000  0.000000  0.999998
2  -171.478309  29.154731  -186.491398  33.104242  0.000000  1.000000  0.000000  0.999999
2  -165.533557  29.366652  -179.771515  33.426742  0.000000  1.000000  0.000000  1.000000
2  -159.719099  29.471407  -173.114581  33.561988  0.000000  1.000000  0.000000  0.479803
2  -153.889012  29.409545  -166.403193  33.597490  0.000000  1.000000  0.000000  -1.000000
2  -148.094958  29.688964  -159.739605  33.320561  0.000000  1.000000  0.000000  -1.000000
2  -142.093166  29.883271  -153.021753  33.115750  0.000000  1.000000  0.000000  -1.000000
2  -136.287988  30.087362  -146.394531  32.925279  0.000000  1.000000  0.000000  -1.000000
2  -130.280322  30.334035  -139.849123  32.659428  0.000000  1.000000  0.000000  -0.797127
2  -124.397283  30.623266  -133.424139  32.393143  0.000000  1.000000  0.000000  -0.134238
2  -118.368555  30.627778  -126.842337  32.384863  0.000000  1.000000  0.000000  -1.000000
2  -112.142474  30.867895  -120.326831  31.981056  0.000000  1.000000  0.000000  -0.839943
2  -106.007158  31.158668  -114.203248  31.735478  0.000000  1.000000  0.000000  0.142714
2  -99.816403  31.176082  -107.730384  31.619385  0.000000  1.000000  0.000000  -1.000000
2  -93.686811  31.333811  -101.524347  31.286471  0.000000  1.000000  0.000000  -0.422341
2  -87.260212  31.569486  -95.158619  31.135305  0.000000  1.000000  0.000000  -0.564217
2  -80.783640  31.802244  -88.796306  30.940151  0.000000  1.000000  0.000000  -0.526139
2  -74.382916  31.988180  -82.678481  30.958511  0.000000  1.000000  0.000000  -1.000000
2  -67.899454  32.205330  -76.396565  30.664608  0.000000  1.000000  0.000000  -1.000000
2  -61.497815  32.414837  -70.295729  30.314415  0.000000  1.000000  0.000000  -0.169475
2  -54.954087  32.699544  -64.198028  30.260098  0.000000  1.000000  0.000000  -0.548640
2  -48.356339  32.832224  -58.054535  30.334830  0.000000  1.000000  0.000000  -1.000000
2  -41.599535  33.013922  -52.093840  30.014845  0.000000  1.000000  0.000000  -1.000000
2  -34.931507  33.314694  -46.032786  29.727653  0.000000  1.000000  0.000000  -0.647348
2  -28.361893  33.686202  -40.094583  29.628539  0.000000  1.000000  0.000000  -0.879515
2  -21.423290  33.937086  -34.286824  29.324109  0.000000  1.000000  0.000000  1.000000
2  -14.518244  34.132239  -28.425836  29.543858  0.000000  1.000000  0.000000  0.999961
2  -7.509884  34.323253  -22.764215  29.767040  0.000000  1.000000  0.000000  1.000000
2  -0.652825  34.396629  -16.972120  29.836569  0.000000  1.000000  0.000000  1.000000
2  6.150463  34.804181  -11.020037  30.018230  0.000000  1.000000  0.000000  1.000000
2  13.100211  34.920953  -4.859796  30.247530  0.000000  1.000000  0.000000  0.999999
2  20.107018  35.010644  1.152053  30.440377  0.000000  1.000000  0.000000  1.000000
