2  -270.000000  30.000000  -300.000000  32.000000  0.333333  0.333333  0.333333  0.967753
2  -263.946233  30.183389  -293.825885  32.279768  0.333333  0.333333  0.333333  0.993422
2  -257.877679  30.052620  -287.413290  32.512715  0.333333  0.333333  0.333333  0.752904
2  -251.509315  30.329563  -281.045736  32.966788  0.333333  0.333333  0.333333  0.999099
2  -245.370862  30.323258  -274.380904  33.146111  0.333333  0.333333  0.333333  0.996985
2  -239.318625  30.472228  -267.610779  33.487227  0.333333  0.333333  0.333333  0.991776
2  -233.157030  30.351479  -260.841609  33.848606  0.333333  0.333333  0.333333  0.980928
2  -227.037845  30.454948  -253.999200  34.014447  0.333333  0.333333  0.333333  0.999024
2  -220.917468  30.376220  -247.107471  34.099545  0.333333  0.333333  0.333333  0.993745
2  -214.949111  30.295270  -240.581990  34.442132  0.333333  0.333333  0.333333  0.996620
2  -208.857538  30.219777  -233.556534  34.470305  0.333333  0.333333  0.333333  0.908384
2  -202.823807  30.395633  -226.630552  34.683267  0.179758  0.819520  0.000722  -0.359771
