3  -330.000000  30.000000  -360.000000  30.000000  0.333333  0.333333  0.333333  0.802925
3  -324.104036  29.961201  -353.996558  30.051177  0.333333  0.333333  0.333333  0.957466
3  -318.105249  30.035959  -348.089218  30.240858  0.333333  0.333333  0.333333  0.943331
3  -312.151804  30.096463  -341.942050  30.531717  0.333333  0.333333  0.333333  0.823852
3  -306.162112  30.076474  -335.821378  30.709233  0.333333  0.333333  0.333333  0.785016
3  -300.016818  30.037344  -329.601432  30.827966  0.333333  0.333333  0.333333  0.768269
3  -294.182241  29.909743  -323.595114  30.890866  0.333333  0.333333  0.333333  0.882371
3  -288.081646  29.892819  -317.496522  31.025277  0.333333  0.333333  0.333333  0.870643
3  -282.268294  29.965241  -311.304724  31.031376  0.333333  0.333333  0.333333  0.930015
3  -276.197163  30.139019  -305.176342  31.284782  0.333333  0.333333  0.333333  0.802112
3  -270.099006  30.187866  -298.935002  31.538745  0.333333  0.333333  0.333333  0.664330
3  -264.134375  30.193393  -292.669823  31.681587  0.333333  0.333333  0.333333  0.623819
3  -258.063759  30.161448  -286.457759  31.859951  0.333333  0.333333  0.333333  0.571879
3  -252.080631  30.168664  -280.045686  31.988983  0.333333  0.333333  0.333333  0.488337
3  -245.780473  29.976545  -273.645461  32.111414  0.333333  0.333333  0.333333  0.432470
3  -239.688584  29.937387  -267.200219  32.256271  0.333333  0.333333  0.333333  0.328480
3  -233.889839  29.995635  -260.788072  32.414645  0.333333  0.333333  0.333333  0.242496
3  -227.830151  29.986314  -254.377918  32.347229  0.333333  0.333333  0.333333  0.375154
3  -221.931985  29.937640  -247.955333  32.364601  0.333333  0.333333  0.333333  0.438272
3  -215.956830  30.073865  -241.463820  32.453573  0.333333  0.333333  0.333333  0.361183
3  -210.014163  30.095927  -235.030090  32.244333  0.333333  0.333333  0.333333  0.568775
3  -204.012937  30.176683  -228.479836  32.378240  0.333333  0.333333  0.333333  0.446639
3  -198.007141  29.836639  -221.994170  32.397954  0.008155  0.000001  0.991843  0.442214
3  -192.142979  29.641825  -215.567901  32.565353  0.001233  0.000000  0.998767  0.236561
3  -186.109578  29.328997  -209.065890  32.460528  0.000017  0.000000  0.999983  -0.196996
3  -180.245971  29.093690  -202.456337  32.570080  0.000001  0.000000  0.999999  -0.154728
3  -174.359057  28.888543  -195.961615  32.652625  0.000000  0.000000  1.000000  -0.041414
3  -168.556441  28.721007  -189.502795  32.744440  0.000000  0.000000  1.000000  -0.017515
3  -162.748503  28.578874  -182.834430  32.749305  0.000000  0.000000  1.000000  -0.009040
3  -157.153943  28.371082  -176.265001  32.882258  0.000000  0.000000  1.000000  -0.004388
3  -151.484386  28.075087  -169.628996  33.026722  0.000000  0.000000  1.000000  -0.001683
3  -145.808327  27.741297  -162.947333  33.097315  0.000000  0.000000  1.000000  -0.000012
3  -140.402836  27.551368  -156.250729  33.051503  0.000000  0.000000  1.000000  0.000001
3  -134.822529  27.432825  -149.555989  33.201869  0.000000  0.000000  1.000000  -0.000006
3  -129.533536  27.033879  -142.935189  33.150913  0.000000  0.000000  1.000000  0.000001
3  -124.121523  26.699827  -136.091841  33.151996  0.000000  0.000000  1.000000  0.000007
3  -118.868786  26.538668  -129.586913  33.205484  0.000000  0.000000  1.000000  -0.000011
3  -113.591422  26.244898  -122.965179  33.181821  0.000000  0.000000  1.000000  -0.000002
3  -108.280846  26.024384  -116.327255  33.296670  0.000000  0.000000  1.000000  -0.000015
3  -103.098537  25.783686  -109.667613  33.444342  0.000000  0.000000  1.000000  0.000004
3  -97.768684  25.564142  -102.932271  33.564179  0.000000  0.000000  1.000000  -0.000001
3  -92.708447  25.410292  -96.284914  33.540970  0.000000  0.000000  1.000000  0.000006
3  -87.756804  25.182797  -89.626142  33.517800  0.000000  0.000000  1.000000  0.000001
3  -82.672609  24.921563  -83.057607  33.324388  0.000000  0.000000  1.000000  0.000000
3  -77.779724  24.856981  -76.244599  33.272798  0.000000  0.000000  1.000000  -0.000001
3  -72.840632  24.652781  -69.507397  33.287350  0.000000  0.000000  1.000000  -0.000021
3  -67.910801  24.547704  -62.851692  33.112171  0.000000  0.000000  1.000000  -0.000000
3  -62.986206  24.346647  -56.045748  32.970250  0.000000  0.000000  1.000000  -0.000001
3  -57.967066  24.225664  -49.341777  32.994796  0.000000  0.000000  1.000000  -0.000001
3  -53.229993  23.973178  -42.520202  32.953555  0.000000  0.000000  1.000000  -0.000001
3  -48.323754  23.771384  -36.065796  32.968525  0.000000  0.000000  1.000000  -0.000001
3  -43.544912  23.615946  -29.407867  33.088872  0.000000  0.000000  1.000000  0.000000
3  -38.822216  23.315422  -22.595454  33.148129  0.000000  0.000000  1.000000  0.000000
3  -34.103435  23.118380  -15.852232  33.073126  0.000000  0.000000  1.000000  0.000000
3  -29.610425  22.970893  -9.335762  33.105135  0.000000  0.000000  1.000000  0.000002
3  -25.022812  22.767572  -2.732616  33.123842  0.000000  0.000000  1.000000  0.000001
3  -20.411641  22.394089  3.887523  32.975063  0.000000  0.000000  1.000000  0.000008
3  -16.064152  22.152242  10.446734  33.210718  0.000000  0.000000  1.000000  0.000006
3  -11.592590  22.175782  17.025986  33.241373  0.000000  0.000000  1.000000  0.000001
3  -7.128512  22.123951  23.512366  33.251126  0.000000  0.000000  1.000000  0.000001
