3  -330.000000  30.000000  -360.000000  30.000000  0.333333  0.333333  0.333333  0.000015
3  -323.834466  29.860298  -353.838267  30.162548  0.333333  0.333333  0.333333  0.000002
3  -317.895430  29.888553  -347.820412  30.029698  0.333333  0.333333  0.333333  -0.000038
3  -311.816813  29.742751  -341.744134  30.073708  0.333333  0.333333  0.333333  -0.000007
3  -305.901229  29.758926  -335.643094  30.029267  0.333333  0.333333  0.333333  -0.000011
3  -299.957891  29.759420  -329.793358  30.047172  0.333333  0.333333  0.333333  0.000004
3  -294.016419  29.671572  -323.934201  30.000030  0.333333  0.333333  0.333333  -0.000045
3  -288.031116  29.688523  -318.042480  30.062296  0.333333  0.333333  0.333333  -0.000013
3  -282.102181  29.805836  -312.112633  30.028418  0.333333  0.333333  0.333333  0.000004
3  -276.058131  29.971717  -306.119394  29.962052  0.333333  0.333333  0.333333  0.000043
3  -269.968646  29.846159  -300.186853  30.181295  0.333333  0.333333  0.333333  -0.000014
3  -264.123154  29.943752  -294.312517  30.254246  0.333333  0.333333  0.333333  -0.000031
3  -258.118014  29.863638  -288.307628  30.202297  0.333333  0.333333  0.333333  -0.000007
3  -252.170316  29.824766  -282.328089  30.369003  0.333333  0.333333  0.333333  -0.000017
3  -246.271375  30.113093  -276.141154  30.396994  0.333333  0.333333  0.333333  0.000063
3  -240.217665  30.086337  -270.065496  30.395483  0.333333  0.333333  0.333333  -0.000004
3  -234.091069  30.068348  -263.945153  30.448968  0.333333  0.333333  0.333333  -0.000130
3  -228.073551  30.047172  -257.783835  30.421337  0.333333  0.333333  0.333333  0.000003
3  -222.120220  30.121135  -251.833714  30.386073  0.333333  0.333333  0.333333  0.000005
3  -216.155347  30.106768  -245.688731  30.464817  0.333333  0.333333  0.333333  0.000041
3  -210.105356  29.979026  -239.633534  30.451495  0.333333  0.333333  0.333333  0.000014
3  -204.042956  29.978815  -233.597554  30.532858  0.333333  0.333333  0.333333  0.000007
3  -198.112251  29.874455  -227.392815  30.517059  0.333333  0.333333  0.333333  0.000013
3  -191.970625  29.909296  -221.201424  30.457408  0.333333  0.333333  0.333333  0.000003
3  -186.013452  29.979012  -215.122887  30.300144  0.333333  0.333333  0.333333  0.000025
3  -179.945806  29.994047  -209.059181  30.273082  0.333333  0.333333  0.333333  0.000003
3  -174.092471  29.939607  -202.752239  30.203218  0.333333  0.333333  0.333333  0.000051
3  -167.908300  30.026063  -196.841610  30.273648  0.333333  0.333333  0.333333  0.000003
3  -161.938098  29.915171  -190.708978  30.340032  0.333333  0.333333  0.333333  0.000000
3  -155.875416  29.973365  -184.669820  30.255522  0.333333  0.333333  0.333333  0.000009
3  -149.682395  29.840646  -178.770717  30.267833  0.333333  0.333333  0.333333  0.000028
3  -143.588208  29.889790  -172.708135  30.169411  0.333333  0.333333  0.333333  -0.000002
3  -137.566868  29.941002  -166.602157  30.301415  0.333333  0.333333  0.333333  -0.000027
3  -131.676619  29.886634  -160.530955  30.393510  0.333333  0.333333  0.333333  -0.000001
3  -125.822226  29.969246  -154.634033  30.348959  0.333333  0.333333  0.333333  -0.000019
3  -119.875702  30.086873  -148.684382  30.407199  0.333333  0.333333  0.333333  -0.000014
3  -113.738316  30.027928  -142.481170  30.592628  0.333333  0.333333  0.333333  0.000005
3  -107.741991  30.009655  -136.560778  30.559862  0.333333  0.333333  0.333333  0.000004
3  -101.800210  30.136121  -130.503022  30.432109  0.333333  0.333333  0.333333  -0.000001
3  -95.632098  30.102683  -124.406005  30.600584  0.333333  0.333333  0.333333  -0.000007
3  -89.742779  30.048282  -118.380603  30.711846  0.333333  0.333333  0.333333  0.000004
3  -83.916030  30.045738  -112.195100  30.754728  0.333333  0.333333  0.333333  0.000006
3  -77.953223  29.978420  -106.043799  30.645392  0.333333  0.333333  0.333333  -0.000006
3  -71.995342  30.003460  -100.250573  30.734360  0.333333  0.333333  0.333333  0.000001
3  -65.944438  29.966609  -94.340897  30.699935  0.333333  0.333333  0.333333  -0.000001
3  -60.156053  29.854777  -88.228418  30.852360  0.333333  0.333333  0.333333  0.000001
3  -54.167772  29.826737  -82.057483  30.803897  0.333333  0.333333  0.333333  -0.000013
3  -48.326145  29.830736  -75.928457  30.837496  0.333333  0.333333  0.333333  0.000008
3  -42.394844  29.705721  -69.954357  30.713615  0.333333  0.333333  0.333333  -0.000002
3  -36.450946  29.576325  -63.830464  30.879084  0.333333  0.333333  0.333333  0.000020
3  -30.430355  29.722312  -57.497103  30.754550  0.333333  0.333333  0.333333  -0.000005
3  -24.577491  29.829503  -51.566772  30.809672  0.333333  0.333333  0.333333  0.000003
3  -18.527556  29.777327  -45.452778  30.679931  0.333333  0.333333  0.333333  -0.000002
3  -12.531593  29.693928  -39.222320  30.600436  0.333333  0.333333  0.333333  0.000000
3  -6.600984  29.842581  -33.104794  30.601527  0.333333  0.333333  0.333333  0.000000
3  -0.579334  29.689989  -26.882531  30.768929  0.333333  0.333333  0.333333  -0.000001
3  5.452210  29.745996  -20.678473  30.997293  0.333333  0.333333  0.333333  -0.000002
3  11.548584  29.660315  -14.394953  31.100644  0.333333  0.333333  0.333333  0.000000
3  17.474040  29.877631  -8.167569  31.191962  0.333333  0.333333  0.333333  0.000027
3  23.499512  30.075812  -1.851311  31.238124  0.333333  0.333333  0.333333  -0.000027
