3  -270.000000  27.000000  -300.000000  30.000000  1.000000
3  -264.600000  27.000000  -294.000000  30.200000  1.000000
3  -259.200000  27.000000  -287.960000  30.400000  1.000000
3  -253.800000  27.000000  -281.880000  30.600000  1.000000
3  -248.400000  27.000000  -275.760000  30.800000  1.000000
3  -243.000000  27.000000  -269.600000  31.000000  1.000000
3  -237.600000  27.000000  -263.400000  31.200000  1.000000
3  -232.200000  27.000000  -257.160000  31.400000  1.000000
3  -226.800000  27.200000  -250.880000  31.600000  1.000000
3  -221.360000  27.400000  -244.560000  31.800000  1.000000
3  -215.880000  27.600000  -238.200000  32.000000  1.000000
3  -210.360000  27.800000  -231.800000  32.200000  1.000000
3  -204.800000  28.000000  -225.360000  32.400000  1.000000
3  -199.200000  28.200000  -218.880000  32.600000  1.000000
3  -193.560000  28.400000  -212.360000  32.800000  1.000000
3  -187.880000  28.600000  -205.800000  33.000000  1.000000
3  -182.160000  28.800000  -199.200000  33.200000  1.000000
3  -176.400000  29.000000  -192.560000  33.400000  1.000000
3  -170.600000  29.200000  -185.880000  33.600000  NaN
