3  -270.000000  30.000000  -300.000000  32.000000  1.000000
3  -264.029259  29.945921  -293.630864  32.090341  1.000000
3  -258.089376  29.927847  -287.208212  32.283962  1.000000
3  -252.042673  29.938779  -280.570018  32.515165  1.000000
3  -245.874467  29.866467  -274.014330  32.689140  1.000000
3  -239.841160  29.925860  -267.695104  32.756435  1.000000
3  -234.000089  29.966045  -260.996797  32.923754  1.000000
3  -227.925648  30.020599  -254.517210  33.163501  1.000000
3  -221.996718  30.172225  -247.887766  33.527101  1.000000
3  -216.004778  30.231169  -241.188625  33.524905  1.000000
3  -210.056758  30.292420  -234.489133  33.613031  1.000000
3  -204.060912  30.517372  -227.865829  33.910527  1.000000
3  -198.021508  30.898258  -221.191710  34.130445  1.000000
3  -191.993959  31.025895  -214.424946  34.370579  1.000000
3  -185.694567  31.255943  -207.588137  34.652128  1.000000
3  -179.363490  31.467964  -200.600587  34.893408  1.000000
3  -173.168593  31.743921  -193.687625  35.033016  1.000000
3  -166.802114  31.913170  -186.694204  35.292551  1.000000
3  -160.314797  32.093374  -179.602926  35.468721  1.000000
3  -153.873163  32.337374  -172.570868  35.696205  1.000000
3  -147.345577  32.546605  -165.258643  35.835349  1.000000
3  -140.909962  32.571617  -158.000525  36.122057  1.000000
3  -134.403628  32.861465  -150.757743  36.351137  1.000000
3  -127.820041  33.105460  -143.477350  36.829870  0.768483
3  -121.315615  33.120030  -136.225444  36.874232  -0.351290
3  -114.734970  33.303183  -128.872451  36.858108  -0.348935
3  -108.035407  33.578306  -121.323004  36.910627  -0.395234
3  -101.448072  33.545410  -113.850685  36.648016  -0.542875
3  -94.732314  33.748958  -106.298365  36.532520  -0.258273
3  -88.033254  33.972539  -98.967281  36.487870  0.021349
3  -81.299605  34.050280  -91.638057  36.357852  -0.044242
3  -74.592767  34.383402  -84.408377  36.334972  0.754184
3  -67.626104  34.553391  -77.038446  36.451302  0.092339
3  -60.614146  34.816324  -69.769487  36.383200  1.000000
3  -53.755192  34.989317  -62.536661  36.542333  0.320659
3  -46.658974  35.159547  -55.113826  36.553303  0.206540
3  -39.529808  35.307322  -47.785508  36.691684  -0.343362
3  -32.509741  35.463495  -40.246832  36.718111  NaN
